6      0  3.024  3.234  3.904  3.517      0      0      0      0     0     0     0     0
6     20   3.44  4.417  4.784  3.311      0      0      0      0     0     0     0     0
6     40  3.227  4.934  4.799  3.644      0      0      0      0     0     0     0     0
6     60   2.65  4.261  3.909  3.829      0      0      0      0     0     0     0     0
6     80  2.729  3.132  3.778  4.022      0      0      0      0     0     0     0     0
6    100   2.21  2.406  3.295  2.593  2.283  2.624  2.682      0     4     5     0     2
6    120    2.2  2.284   3.19  2.559  2.223  2.313  2.643      0     2     2     0     2
6    140  2.809  2.611  3.632  3.212      0  2.616      0      0     0     2     0     0
6    160  3.626  3.493  4.341  3.736      0      0      0      0     0     0     0     0
6    180   3.34  4.671  5.057  3.819      0      0      0      0     0     0     0     0
6    200  3.377  4.603  4.649  3.107      0      0      0      0     0     0     0     0
6    220  2.986  4.043  3.999  2.602      0      0  2.602      0     0     0     0     2
6    240  2.497  3.538  4.131  2.871  2.497      0      0      0     1     0     0     0
6    260   2.22  3.089  4.386  2.899  2.223      0      0      0     2     0     0     0
6    280  2.397  3.275  4.442  2.809  2.401      0  2.811      0     2     0     0     2
6    300   2.53  2.683   3.85  2.668      0  2.703  2.672      0     0     2     0     2
6    320  2.272  2.465  3.767   3.12  2.293  2.486      0      0     2     2     0     0
6    340  2.247  2.537  3.523  2.989  2.249  2.541      0      0     2     2     0     0
