0      0  2.418  2.817  3.881   2.28  2.419  2.821  2.282      0     2     4     0     2
0     20  2.314  3.093  3.996   2.52  2.334      0  2.547      0     2     0     0     2
0     40  2.514  4.025  4.569  2.596      0      0  2.613      0     0     0     0     2
0     60  2.971   3.45  3.797  2.535      0      0  2.538      0     0     0     0     2
0     80  3.018  3.001  3.139  2.685      0      0  2.688  3.142     0     0     2     2
0    100   2.74  3.211  3.147  3.466      0      0      0  3.147     0     0     1     0
0    120  2.628  3.669  3.493  3.115      0      0      0      0     0     0     0     0
0    140  2.216  3.856  3.948  3.529  2.277      0      0      0     2     0     0     0
0    160  2.402  3.447  4.863  3.731  2.408      0      0      0     2     0     0     0
0    180  2.478  2.807  4.143  3.372  2.478  2.817      0      0     1     2     0     0
0    200  2.694  2.994  3.922  4.042      0      0      0      0     0     0     0     0
0    220  2.423  2.903  3.499  3.908  2.423      0      0      0     2     0     0     0
0    240  2.607  2.851  3.405  3.848      0      0      0      0     0     0     0     0
0    260  2.284  3.216  3.846  3.128  2.315      0      0      0     2     0     0     0
0    280  2.614  4.267  4.286  3.569      0      0      0      0     0     0     0     0
0    300  2.495  3.215   3.45  3.324  2.495      0      0      0     1     0     0     0
0    320  2.515  2.609  2.877  2.681      0  2.626  2.685   2.88     0     4     2     2
0    340  2.595  2.627  2.936  2.725      0  2.666  2.732  2.942     0     4     2     2
