0      0  2.345  3.169  3.404  3.629  2.359      0      0      0     2     0     0     0
0     20  2.378  3.705  3.905  2.969   2.38      0      0      0     2     0     0     0
0     40  2.369  4.062  4.816  3.043   2.37      0      0      0     2     0     0     0
0     60  2.179  3.057  4.007  3.227  2.183      0      0      0     2     0     0     0
0     80  2.626  2.218  3.668  3.759      0  2.219      0      0     0     2     0     0
0    100  2.309  2.057  2.921  2.118  2.316  2.071  2.125  2.933     2     2     2     2
0    120  2.255  2.216  2.859  2.034  2.331  2.426    2.3  2.864     4     3     2     3
0    140  2.294  2.452   2.88  2.475  2.338  2.466  2.478   2.89     4     2     2     2
0    160  2.754  3.202  3.446  2.552      0      0  2.556      0     0     0     0     2
0    180  2.599  3.142  3.915  2.334      0      0  2.335      0     0     0     0     2
0    200   2.88  2.397  3.661  2.387      0  2.427  2.421      0     0     2     0     2
0    220  2.639  2.273  3.713  2.679      0  2.274  2.689      0     0     2     0     2
0    240   2.56  2.319  3.928  2.613      0  2.342   2.63      0     0     2     0     2
0    260  2.417  2.821  3.807  2.283  2.435  2.821  2.305      0     2     1     0     2
0    280  2.164  3.392  3.827  2.284  2.175      0  2.289      0     2     0     0     2
0    300  2.219  1.761  2.746  2.597  2.235  2.399  2.602  2.746     2     3     1     2
0    320  2.161  1.731  2.721  2.474  2.289  2.228  2.722  2.902     4     4     4     5
0    340  2.147  1.754  2.734  2.553  2.262  1.763  2.553  2.743     6     2     2     1
