6      0  2.193  3.118   3.25   2.77  2.193      0   2.77      0     1     0     0     2
6     20  2.414  3.604  3.679  2.483  2.424      0  2.575      0     2     0     0     3
6     40  2.217  3.593  3.951  2.357   2.22      0  2.361      0     2     0     0     2
6     60  2.452  1.944  2.804  2.735  2.461  1.961  2.781  2.902     2     2     3     2
6     80  2.674  1.834  2.729  2.808      0  1.856  2.808  2.841     0     2     3     1
6    100  2.421  2.014  2.816  2.327  2.424  2.023  2.329  2.895     2     2     3     2
6    120   2.42  2.487    3.1  2.316  2.424  2.529  2.463  3.109     2     4     2     3
6    140  2.624  2.999  3.718  2.451      0      0  2.461      0     0     0     0     2
6    160   2.48  3.655  3.934  3.042   2.48      0      0      0     1     0     0     0
6    180   2.69  3.489  3.769  3.676      0      0      0      0     0     0     0     0
6    200   2.16  3.165  3.571  3.591  2.215      0      0      0     2     0     0     0
6    220  2.276    2.4  3.473  3.368  2.304  2.411      0      0     2     2     0     0
6    240  2.286  2.517  3.446  2.952  2.304  2.526      0      0     2     2     0     0
6    260  2.013  2.947  3.265  2.909  2.014      0      0      0     2     0     0     0
6    280  2.303  3.183  3.141  2.982   2.31      0      0  3.141     2     0     1     0
6    300  2.352  2.529  3.062  2.798  2.401  2.555  2.798  3.098     4     2     2     1
6    320   2.14  1.852  2.752 0.9884  2.329  2.322  2.155  2.755     7     4     2     5
6    340  2.164   1.83  2.752  0.988  2.396  2.545  2.071  2.895     5     6     4     5
