6      0  3.207  4.519  5.221  4.552      0      0      0      0     0     0     0     0
6     20  3.223   4.67  6.072  4.459      0      0      0      0     0     0     0     0
6     40  3.629  4.518  5.932   4.65      0      0      0      0     0     0     0     0
6     60  3.224  3.784   4.76  4.427      0      0      0      0     0     0     0     0
6     80  2.474   2.53  2.793  1.963  2.474  2.583  1.994  2.811     1     4     2     2
6    100  2.478   2.87  2.714  1.788  2.486      0  1.799   2.72     3     0     2     2
6    120  2.309  2.964  2.695  1.709  2.365      0  1.737  2.723     3     0     2     2
6    140  3.095  3.486  4.002   2.58      0      0  2.584      0     0     0     0     2
6    160  2.398  2.937   3.62  2.295  2.432      0  2.343      0     2     0     0     2
6    180   3.78  4.448   4.87  3.489      0      0      0      0     0     0     0     0
6    200  4.424  4.719  5.419  4.504      0      0      0      0     0     0     0     0
6    220  4.172  4.771  5.285  4.302      0      0      0      0     0     0     0     0
6    240   3.64  4.491  5.021  3.441      0      0      0      0     0     0     0     0
6    260   3.08  4.004  4.026  3.293      0      0      0      0     0     0     0     0
6    280  3.176  3.589  3.498  3.634      0      0      0      0     0     0     0     0
6    300  3.002  3.359  3.135  3.202      0      0      0  3.143     0     0     2     0
6    320  2.103  2.458  2.706  1.755  2.223   2.46  1.756  2.712     6     2     2     2
6    340  2.687  3.283  3.905  3.763      0      0      0      0     0     0     0     0
