0      0  2.772  3.706  4.341  2.286      0      0  2.291      0     0     0     0     2
0     20  2.888  4.303  3.803  2.541      0      0  2.543      0     0     0     0     2
0     40  3.444  4.424  4.009  3.811      0      0      0      0     0     0     0     0
0     60  4.177  4.269  4.116  4.428      0      0      0      0     0     0     0     0
0     80  3.783  4.088  4.152  3.525      0      0      0      0     0     0     0     0
0    100  2.565  3.461  4.526  3.275      0      0      0      0     0     0     0     0
0    120  2.146  3.177  3.649  2.597   2.15      0  2.604      0     2     0     0     2
0    140  2.505  3.544  3.464  2.928      0      0      0      0     0     0     0     0
0    160  2.669  3.658  3.431  3.524      0      0      0      0     0     0     0     0
0    180  2.753  3.575  3.809  4.042      0      0      0      0     0     0     0     0
0    200  3.497  4.022  4.672  5.099      0      0      0      0     0     0     0     0
0    220  3.764      4  4.969   4.67      0      0      0      0     0     0     0     0
0    240   3.11  4.425  5.525  4.287      0      0      0      0     0     0     0     0
0    260   2.54  2.734   4.09   2.78      0  2.734   2.78      0     0     1     0     2
0    280   2.52  2.624  3.803  2.899      0  2.714      0      0     0     3     0     0
0    300    2.7  2.654  3.825   2.29      0  2.662  2.321      0     0     2     0     2
0    320  2.486  2.608  3.741  2.115  2.486   2.61  2.117      0     2     2     0     2
0    340  2.565  2.782  3.805  2.413      0    2.8  2.448      0     0     3     0     2
