6      0  2.669  4.546  4.464  3.188      0      0      0      0     0     0     0     0
6     20  2.867  3.783  4.306   2.69      0      0  2.707      0     0     0     0     2
6     40  3.247  3.925  4.325  3.281      0      0      0      0     0     0     0     0
6     60  3.079  3.694  4.009  3.574      0      0      0      0     0     0     0     0
6     80  1.802  2.033  2.801  1.873   2.25  2.372  2.449  2.934     3     8     5     4
6    100  2.316   2.13  2.824  1.897  2.377  2.518  1.903  2.873     4     5     4     2
6    120  2.282  3.474   3.64   2.65  2.361      0  2.657      0     4     0     0     2
6    140  2.545  3.003  3.887  2.449      0      0  2.451      0     0     0     0     2
6    160  2.533  3.071   3.66  2.765      0      0  2.766      0     0     0     0     2
6    180  3.262    3.4  3.284  2.307      0      0  2.319      0     0     0     0     2
6    200  2.779  2.953  3.344  2.562      0      0  2.582      0     0     0     0     2
6    220   3.03  2.773  3.636  2.284      0  2.798  2.285      0     0     2     0     2
6    240  2.663  3.144  3.882   2.25      0      0  2.254      0     0     0     0     2
6    260  2.738  2.768  3.642  2.133      0  2.786  2.136      0     0     2     0     2
6    280  3.036  2.551  3.462  2.349      0  2.563   2.35      0     0     2     0     2
6    300  2.578  2.507  3.463  2.719      0  2.508  2.728      0     0     2     0     2
6    320  2.375  3.138  3.277  3.193  2.375      0      0      0     1     0     0     0
6    340  2.714   3.89  3.634  3.258      0      0      0      0     0     0     0     0
