0      0  2.463  4.238  3.993  2.743  2.463      0   2.77      0     1     0     0     2
0     20  2.883   3.98  4.207  2.576      0      0  2.587      0     0     0     0     2
0     40  3.506  3.841  3.611  2.881      0      0      0      0     0     0     0     0
0     60  2.959  2.378  3.079  2.656      0  2.592  2.658  3.093     0     4     2     2
0     80   2.81   2.56  3.114  2.354      0  2.629  2.382  3.121     0     2     2     2
0    100  2.919  3.229    3.3  2.367      0      0  2.367      0     0     0     0     2
0    120  2.766  2.832   3.67  2.679      0      0   2.68      0     0     0     0     2
0    140  3.022  2.755  3.873  3.638      0  2.766      0      0     0     2     0     0
0    160   2.91  2.466  3.276  3.214      0  2.473      0      0     0     2     0     0
0    180  3.397   3.18  3.293  3.493      0      0      0      0     0     0     0     0
0    200  1.779  1.961  2.816 0.9881  2.011  2.183  2.083  2.935     3     4     5     4
0    220  1.774  2.041  2.762  1.903  2.006  2.239  2.155  2.769     3     4     2     3
0    240  1.777  2.034  2.742  1.781  2.145  2.416  2.077  2.749     7     6     2     3
0    260  2.674  2.827  3.248  2.389      0  2.827  2.391      0     0     1     0     2
0    280  2.347   2.66  3.337  2.427  2.355  2.665   2.43      0     2     2     0     2
0    300  2.168  3.051  3.333  2.839  2.316      0      0      0     4     0     0     0
0    320  2.392   3.57  3.241  2.209   2.41      0  2.222      0     2     0     0     2
0    340  2.672  3.784  3.359   2.15      0      0   2.15      0     0     0     0     2
