6      0  2.426  3.287  3.673  2.452  2.426      0  2.612      0     1     0     0     4
6     20   2.33  4.103  4.157  2.712  2.341      0  2.714      0     2     0     0     2
6     40  2.395  3.909  4.361  2.859  2.398      0      0      0     2     0     0     0
6     60  2.627  3.068  3.427   2.72      0      0  2.751      0     0     0     0     2
6     80  1.802  1.892  2.712   1.91  1.802  2.369   2.41  2.923     1     6     5     3
6    100  2.356  1.904  2.734  1.836  2.373   1.91  1.846  2.763     2     2     4     2
6    120  2.745  3.626  3.586   2.21      0      0  2.246      0     0     0     0     2
6    140  3.177  3.717  3.777  2.381      0      0  2.384      0     0     0     0     2
6    160   3.13  3.794  3.429  2.268      0      0  2.278      0     0     0     0     2
6    180  2.627  3.066  3.438  2.365      0      0  2.372      0     0     0     0     2
6    200  2.382  2.422  3.558  3.084  2.388  2.425      0      0     2     2     0     0
6    220  2.614  2.324  3.804  2.369      0  2.343  2.375      0     0     2     0     2
6    240  2.365  2.938  4.176  2.638  2.389      0  2.656      0     2     0     0     2
6    260  2.442  3.522  3.552   2.26  2.448      0  2.265      0     2     0     0     2
6    280  2.678  3.268  3.268  2.347      0      0  2.347      0     0     0     0     2
6    300  2.665   3.11  3.158  2.963      0      0      0  3.158     0     0     1     0
6    320  3.088  2.789  3.408  3.049      0  2.798      0      0     0     2     0     0
6    340  2.571  2.991  3.665  3.165      0      0      0      0     0     0     0     0
