0      0  2.676   3.71  4.101  2.566      0      0  2.569      0     0     0     0     2
0     20  2.273  4.114  3.536  2.527  2.276      0   2.53      0     2     0     0     2
0     40  2.355  3.357  3.128  3.102  2.392      0      0  3.132     4     0     2     0
0     60  2.584  2.351  3.244   3.24      0  2.558      0      0     0     4     0     0
0     80  2.775   2.43  3.277  2.602      0  2.567  2.603      0     0     4     0     2
0    100  2.394  2.792  3.435   2.36  2.438  2.796  2.364      0     4     2     0     2
0    120  2.606  2.728  3.213  2.602      0  2.772  2.606      0     0     2     0     2
0    140  2.789  2.555   3.12  2.744      0  2.588  2.769   3.12     0     2     1     2
0    160  2.521  3.163  3.188  3.165      0      0      0      0     0     0     0     0
0    180  2.332   2.67  3.317  3.131  2.333   2.68      0      0     2     2     0     0
0    200  2.069  2.434  3.627  2.498  2.074  2.442  2.503      0     2     2     0     2
0    220  2.276  2.561  3.721  2.664  2.344  2.576  2.664      0     3     2     0     2
0    240  1.779  2.033  2.734  1.792  1.927  2.558   2.45  2.734     4     5     1     5
0    260  2.271  3.155  3.557  2.683  2.311      0   2.76      0     2     0     0     4
0    280  2.383  2.966   3.16  2.518  2.384      0   2.55      0     2     0     0     4
0    300  3.093  3.075  3.299  2.273      0      0  2.273      0     0     0     0     2
0    320  3.056   3.33  3.393  2.137      0      0  2.148      0     0     0     0     2
0    340  2.445  3.214  3.672  2.372  2.445      0  2.381      0     1     0     0     2
