0      0  2.478  2.469  3.661  2.178  2.478  2.469  2.179      0     2     2     0     2
0     20   2.45  3.047  3.791  2.518   2.46      0  2.523      0     2     0     0     2
0     40  2.593  3.854  4.084  2.203      0      0  2.209      0     0     0     0     2
0     60  2.981  3.442  3.221  2.347      0      0  2.349      0     0     0     0     2
0     80  2.913  2.896  3.019  2.534      0      0  2.551   3.02     0     0     2     2
0    100  2.404  3.279  3.126  2.433  2.434      0  2.448  3.126     2     0     1     2
0    120   2.19  3.241  3.367  2.413  2.274      0  2.425      0     4     0     0     2
0    140  1.999  3.295  4.264  3.411  2.003      0      0      0     2     0     0     0
0    160  2.136  3.072  3.921  3.153  2.142      0      0      0     2     0     0     0
0    180  2.491  2.901   3.69  3.699  2.491      0      0      0     1     0     0     0
0    200  2.116  2.872  3.307  3.692  2.126      0      0      0     2     0     0     0
0    220  2.771  2.308  3.455  3.575      0  2.321      0      0     0     2     0     0
0    240  1.788   2.42  2.896  2.027  2.047  2.546  2.096  2.904     2     2     2     2
0    260  1.908  3.698  4.023  3.279  1.938      0      0      0     2     0     0     0
0    280  2.294  3.589  4.221  3.098  2.306      0      0      0     2     0     0     0
0    300  2.126  2.957  3.566  2.961  2.128      0      0      0     2     0     0     0
0    320  2.159  2.498  3.174  3.023  2.163  2.656      0      0     2     4     0     0
0    340  2.408   2.39  3.412  2.431  2.423  2.393  2.439      0     2     2     0     2
