6      0  2.619  3.148  3.362  3.425      0      0      0      0     0     0     0     0
6     20  2.771  3.714  4.323  3.447      0      0      0      0     0     0     0     0
6     40  2.487   4.32  4.938  4.019  2.491      0      0      0     2     0     0     0
6     60  2.353  3.221  4.113  3.841  2.364      0      0      0     2     0     0     0
6     80  2.295  2.568  3.471   2.74    2.3  2.626  2.766      0     2     4     0     2
6    100  2.173  2.566  2.983  2.194  2.324  2.673  2.232  3.014     4     6     2     2
6    120  2.112  2.419  2.942  2.246  2.303  2.423  2.253  2.945     4     2     2     2
6    140  2.391  2.956  2.684  1.712  2.441      0  1.725  2.694     4     0     2     2
6    160   3.08  3.081  3.632   2.93      0      0      0      0     0     0     0     0
6    180      3  4.148  4.338  2.676      0      0  2.679      0     0     0     0     2
6    200  2.923  4.213  4.151  2.473      0      0  2.477      0     0     0     0     2
6    220  2.565  3.715  4.179  2.659      0      0  2.713      0     0     0     0     2
6    240  2.467  3.183  4.173  2.655  2.469      0  2.656      0     2     0     0     2
6    260  2.419  2.876  4.013  2.419  2.442      0   2.42      0     4     0     0     2
6    280  2.278  2.735  3.933  2.317  2.282  2.735  2.318      0     2     2     0     2
6    300   2.41  2.658  3.454  2.475  2.432  2.699  2.491      0     4     4     0     2
6    320   2.15   2.53  3.396  2.614  2.163  2.551  2.643      0     2     2     0     2
6    340  2.413  2.792  3.134  3.146  2.423  2.796      0   3.14     4     2     2     0
