0      0  2.335   3.65  5.411  3.496  2.426      0      0      0     4     0     0     0
0     20  2.335   3.65  5.411  3.496  2.426      0      0      0     4     0     0     0
0     40  2.232  3.717  5.297  4.017  2.342      0      0      0     4     0     0     0
0     60  2.495  2.539  4.428  3.923  2.495  2.564      0      0     1     2     0     0
0     80  2.754  2.412  4.336  4.334      0  2.415      0      0     0     2     0     0
0    100  2.457  2.374  3.795  3.376  2.457  2.375      0      0     1     2     0     0
0    120  2.298  2.606  3.168  2.707  2.366  2.613  2.731      0     4     2     0     2
0    140  2.208  2.768  3.879  2.886  2.341   2.77      0      0     4     2     0     0
0    160  2.631  2.442  3.634  2.583      0  2.449  2.593      0     0     2     0     2
0    180  2.714  2.565   3.48  2.703      0  2.569  2.711      0     0     4     0     2
0    200    2.9  2.378  4.237  4.059      0  2.388      0      0     0     2     0     0
0    220  2.441  2.225  3.946  3.872  2.453  2.235      0      0     2     2     0     0
0    240  2.392  2.335  3.944  3.355   2.42  2.384      0      0     4     2     0     0
0    260  2.263  2.699  3.843  2.698  2.273  2.716  2.761      0     2     2     0     2
0    280  2.599  2.659  3.381  3.509      0  2.687      0      0     0     2     0     0
0    300  2.227  1.888  2.825  2.885   2.35   2.36      0  2.836     6     6     2     0
0    320   2.22  1.808  2.768  1.978  2.263  2.264  1.978  2.794     4     6     3     1
0    340  2.037  3.096  4.149    3.7  2.187      0      0      0     4     0     0     0
