6      0  2.379  2.617  4.594   2.97  2.379  2.621      0      0     1     2     0     0
6     20  2.468   2.96  4.224  2.722  2.471      0  2.753      0     2     0     0     4
6     40  2.261  4.056  5.014  4.107  2.263      0      0      0     2     0     0     0
6     60  2.245  2.954  4.257  3.913  2.251      0      0      0     2     0     0     0
6     80  2.527  2.354  3.814  3.501      0  2.354      0      0     0     1     0     0
6    100  2.368  2.447  4.178  3.348  2.383  2.447      0      0     2     1     0     0
6    120  2.082  2.999  3.848  3.484  2.237      0      0      0     6     0     0     0
6    140  2.084  3.035  4.503  3.516  2.085      0      0      0     2     0     0     0
6    160  2.285  3.222  4.123  4.047  2.341      0      0      0     4     0     0     0
6    180  2.247  2.903  4.106  4.075  2.333      0      0      0     3     0     0     0
6    200  2.098  2.529  4.489  3.896  2.115  2.536      0      0     2     2     0     0
6    220  2.394  2.303  4.115  3.653  2.401   2.31      0      0     2     2     0     0
6    240  2.271  2.565  4.295  4.037  2.274  2.566      0      0     2     2     0     0
6    260  2.125  3.462  4.943  3.808  2.291      0      0      0     4     0     0     0
6    280  2.131  2.978  4.177  3.665  2.305      0      0      0     4     0     0     0
6    300  2.408  2.684  3.778  3.674  2.433  2.706      0      0     4     2     0     0
6    320   2.53  2.436  3.454   3.06      0   2.58      0      0     0     4     0     0
6    340  2.666  2.316  3.839  3.105      0  2.319      0      0     0     2     0     0
