0      0  2.705   2.95  3.414  3.147      0      0      0      0     0     0     0     0
0     20  2.761   3.78   4.79  3.639      0      0      0      0     0     0     0     0
0     40  2.634   4.41  5.485  3.536      0      0      0      0     0     0     0     0
0     60  2.668  3.716  4.471  3.038      0      0      0      0     0     0     0     0
0     80  2.805  3.034  3.793  3.126      0      0      0      0     0     0     0     0
0    100   3.19  2.769   3.47  3.464      0  2.769      0      0     0     1     0     0
0    120  3.055  3.541  3.583  3.194      0      0      0      0     0     0     0     0
0    140  3.289  4.055  4.053  3.898      0      0      0      0     0     0     0     0
0    160  3.012  4.366  4.893  4.051      0      0      0      0     0     0     0     0
0    180  2.981  3.493  4.953  3.377      0      0      0      0     0     0     0     0
0    200  2.877  3.306  4.764  3.752      0      0      0      0     0     0     0     0
0    220  2.697  2.859  4.141  3.962      0      0      0      0     0     0     0     0
0    240  2.857  2.937  3.909  3.727      0      0      0      0     0     0     0     0
0    260  2.608  3.714  4.469  3.222      0      0      0      0     0     0     0     0
0    280  3.265  4.259  4.555  3.451      0      0      0      0     0     0     0     0
0    300  2.992  3.298  3.669  3.687      0      0      0      0     0     0     0     0
0    320   2.36  2.177  2.816  2.671  2.405  2.191  2.683  2.822     3     2     2     2
0    340  2.138  1.797  2.741  2.894   2.28  2.314      0   2.75     4     4     2     0
