6      0  3.278    3.5  4.624  3.627      0      0      0      0     0     0     0     0
6     20  3.395  4.643  5.306  3.425      0      0      0      0     0     0     0     0
6     40   3.74  5.029  4.955  3.589      0      0      0      0     0     0     0     0
6     60  3.154  3.876  3.721  3.124      0      0      0      0     0     0     0     0
6     80  3.577  3.942  3.645  4.199      0      0      0      0     0     0     0     0
6    100  3.166  3.806  3.616  3.272      0      0      0      0     0     0     0     0
6    120  2.986  3.139   4.32  3.038      0      0      0      0     0     0     0     0
6    140  3.214  3.379   4.91  4.124      0      0      0      0     0     0     0     0
6    160   3.67  4.013  5.053  4.385      0      0      0      0     0     0     0     0
6    180  4.001  4.345  5.098  4.937      0      0      0      0     0     0     0     0
6    200  3.738  4.545  5.051  4.393      0      0      0      0     0     0     0     0
6    220  3.422  4.497  4.937  3.671      0      0      0      0     0     0     0     0
6    240  2.975  4.451  4.779  3.683      0      0      0      0     0     0     0     0
6    260  2.791  3.806  4.672  3.841      0      0      0      0     0     0     0     0
6    280  2.756  3.796  4.779   4.04      0      0      0      0     0     0     0     0
6    300  2.684  3.451  4.214  3.858      0      0      0      0     0     0     0     0
6    320  2.667  2.841  3.759  3.264      0      0      0      0     0     0     0     0
6    340   2.56  2.818  3.938  2.971      0  2.824      0      0     0     2     0     0
