0      0  2.258  3.321  4.483  3.595  2.344      0      0      0     3     0     0     0
0     20  2.277   3.98  5.046  3.453  2.285      0      0      0     2     0     0     0
0     40  2.503  3.139  4.712  3.543      0      0      0      0     0     0     0     0
0     60  2.266  2.479  4.121  3.954   2.35  2.493      0      0     3     2     0     0
0     80  2.715   2.46  4.004  3.953      0  2.571      0      0     0     4     0     0
0    100  2.471  2.531  3.485  2.948  2.485  2.637      0      0     2     4     0     0
0    120  2.327   2.66   2.94  2.444  2.406  2.734  2.452  2.945     4     4     2     2
0    140  3.016  3.011  3.358  2.633      0      0  2.641      0     0     0     0     2
0    160  2.517  2.303  3.718  2.407      0  2.326  2.412      0     0     2     0     2
0    180  2.862  2.415  3.892   2.73      0  2.423  2.736      0     0     2     0     2
0    200  3.549  3.019  4.363  3.745      0      0      0      0     0     0     0     0
0    220  3.224  2.539  4.129  3.835      0  2.559      0      0     0     2     0     0
0    240  2.845   2.41  4.347  3.012      0  2.437      0      0     0     2     0     0
0    260   2.49  2.759  4.067  2.504   2.49  2.759   2.53      0     1     1     0     2
0    280  2.933  3.402  3.496  3.171      0      0      0      0     0     0     0     0
0    300  2.185  1.729  2.718  1.859  2.192  1.977  1.859  2.744     2     4     3     1
0    320  2.219  1.754  2.725  1.995  2.351  1.983  1.995  2.773     4     4     3     1
0    340  2.225  1.804  2.789  1.954   2.23  1.975  1.954  2.805     2     4     3     1
