6      0  2.627  3.318  4.339  2.722      0      0   2.73      0     0     0     0     2
6     20  2.683  4.187  4.546  2.789      0      0  2.789      0     0     0     0     1
6     40   2.95  3.924   4.32  3.328      0      0      0      0     0     0     0     0
6     60  2.296  2.973  3.562  3.696  2.297      0      0      0     2     0     0     0
6     80  2.815  3.225  3.831    3.7      0      0      0      0     0     0     0     0
6    100  2.563  2.654  3.796  2.654      0  2.654  2.688      0     0     1     0     2
6    120  2.225  2.958  3.681  2.781  2.227      0  2.781      0     2     0     0     2
6    140  1.987  3.096  4.307  3.153  1.988      0      0      0     2     0     0     0
6    160  2.262   3.28  4.055  3.721  2.272      0      0      0     2     0     0     0
6    180   2.24  2.925  4.014  4.026  2.245      0      0      0     2     0     0     0
6    200  2.608  3.112   4.06   4.27      0      0      0      0     0     0     0     0
6    220  2.337  2.772  4.165  4.322  2.358  2.773      0      0     2     2     0     0
6    240  2.345  2.694  4.562   4.01  2.356  2.694      0      0     2     2     0     0
6    260  2.457  3.242  4.074  3.584  2.468      0      0      0     4     0     0     0
6    280  2.302  3.149  4.133   3.72  2.308      0      0      0     2     0     0     0
6    300  2.432  2.372   3.56  3.231  2.437  2.379      0      0     2     2     0     0
6    320  2.292  2.447  3.275  2.985  2.311  2.449      0      0     2     2     0     0
6    340  2.258  2.568  3.503  2.802  2.259  2.584  2.802      0     2     2     0     2
