0      0  2.587  2.573  3.954  2.362      0  2.609   2.38      0     0     2     0     2
0     20  2.777  4.133  4.247  3.308      0      0      0      0     0     0     0     0
0     40  2.509  3.422  3.831  3.028      0      0      0      0     0     0     0     0
0     60  2.642  2.937  3.607  3.385      0      0      0      0     0     0     0     0
0     80  1.777  1.868  2.823  2.033  2.063  2.158  2.387  2.823     4     4     1     2
0    100  2.279  2.603  3.826  2.895  2.368  2.651      0      0     8     4     0     0
0    120  2.289   2.97  3.836  2.943  2.291      0      0      0     2     0     0     0
0    140  2.166   3.36   3.66  3.625  2.173      0      0      0     2     0     0     0
0    160  2.155  2.956  3.737  3.871  2.196      0      0      0     2     0     0     0
0    180  2.258  2.815   4.15  4.102  2.321  2.815      0      0     4     1     0     0
0    200  2.198  2.454  4.123  2.992    2.2  2.463      0      0     2     2     0     0
0    220   2.31   2.38  4.023  2.748  2.391  2.392   2.78      0     4     2     0     2
0    240  2.207   2.81  4.304  3.236  2.344   2.81      0      0     6     1     0     0
0    260  1.861  3.408  4.087  3.115  2.015      0      0      0     4     0     0     0
0    280  2.028  2.668  3.972  2.798  2.142  2.695  2.811      0     4     2     0     2
0    300  2.726  2.618  3.856    2.5      0  2.715  2.507      0     0     6     0     2
0    320  2.509  2.288  3.601  2.447      0  2.556  2.449      0     0     4     0     2
0    340  2.436  2.272  3.692  2.615  2.445  2.275   2.64      0     2     2     0     2
