6      0  2.677  3.501  4.918  3.364      0      0      0      0     0     0     0     0
6     20  2.291  4.245  5.077  3.248  2.291      0      0      0     2     0     0     0
6     40  2.044  3.329  4.213  3.101  2.051      0      0      0     2     0     0     0
6     60  2.387  2.327  3.233  3.073  2.391  2.337      0      0     2     2     0     0
6     80  2.958  2.208  3.173  3.375      0   2.21      0      0     0     2     0     0
6    100  2.253  2.292  2.748  1.799   2.36  2.371  1.807  2.752     5     4     2     2
6    120  2.845  2.937  4.152   3.15      0      0      0      0     0     0     0     0
6    140  2.915  3.169   4.21   2.61      0      0  2.647      0     0     0     0     2
6    160  2.403   2.47  3.238  2.464  2.425  2.533  2.578      0     2     2     0     3
6    180  2.368  2.041  2.848  2.548  2.412  2.206  2.615  2.848     4     2     1     4
6    200  3.211  3.596  3.793  4.102      0      0      0      0     0     0     0     0
6    220  2.648  3.319  3.319  3.324      0      0      0      0     0     0     0     0
6    240  2.339  3.112  4.113  3.259  2.345      0      0      0     2     0     0     0
6    260  2.312  2.784  3.506  3.572  2.377  2.804      0      0     4     2     0     0
6    280  2.245  2.682  3.154  3.114  2.295  2.692      0  3.154     4     2     1     0
6    300  2.517   2.92  3.521   3.49      0      0      0      0     0     0     0     0
6    320  2.292  2.831  3.848  3.437  2.301      0      0      0     2     0     0     0
6    340   2.36  2.945  4.402   2.84  2.387      0      0      0     2     0     0     0
