6      0  3.324    4.7  4.655  3.954      0      0      0      0     0     0     0     0
6     20  3.378  4.986   5.24  3.749      0      0      0      0     0     0     0     0
6     40  3.475  4.818  5.263  3.516      0      0      0      0     0     0     0     0
6     60  2.782  3.743   4.01  2.853      0      0      0      0     0     0     0     0
6     80  3.461  3.184  3.668  3.658      0      0      0      0     0     0     0     0
6    100  2.567  1.896  2.784  2.758      0  1.913   2.78  2.906     0     2     3     2
6    120  3.341  3.403  4.119  3.281      0      0      0      0     0     0     0     0
6    140  3.844  4.019  4.887  4.171      0      0      0      0     0     0     0     0
6    160  4.226  4.699  4.987  4.657      0      0      0      0     0     0     0     0
6    180   4.29  4.982  5.243  5.054      0      0      0      0     0     0     0     0
6    200  4.151   4.73  5.121  4.901      0      0      0      0     0     0     0     0
6    220   3.59  4.271  4.642   4.76      0      0      0      0     0     0     0     0
6    240  3.684  4.031   4.59  4.306      0      0      0      0     0     0     0     0
6    260  3.353  4.569    4.7  4.215      0      0      0      0     0     0     0     0
6    280  3.684  4.403  4.719  4.312      0      0      0      0     0     0     0     0
6    300  3.258  3.354  4.527   4.25      0      0      0      0     0     0     0     0
6    320  2.806  3.022  4.274  3.457      0      0      0      0     0     0     0     0
6    340  2.994  3.446  4.017  3.338      0      0      0      0     0     0     0     0
