0      0  3.288  3.515  3.668  3.802      0      0      0      0     0     0     0     0
0     20  3.084  4.523  4.593   4.06      0      0      0      0     0     0     0     0
0     40  3.568  4.808  5.609  3.877      0      0      0      0     0     0     0     0
0     60  3.339  4.358  4.939  3.966      0      0      0      0     0     0     0     0
0     80  3.329  3.588  4.311  4.203      0      0      0      0     0     0     0     0
0    100  3.427  3.298  4.277  3.861      0      0      0      0     0     0     0     0
0    120  2.253  2.306  2.853  2.021   2.33  2.387  2.299  2.873     6     4     2     3
0    140  3.142  4.046  4.312  4.017      0      0      0      0     0     0     0     0
0    160  3.333  4.105  4.804  3.859      0      0      0      0     0     0     0     0
0    180  3.356  3.865  4.932   3.54      0      0      0      0     0     0     0     0
0    200  3.884  4.286  4.891  3.553      0      0      0      0     0     0     0     0
0    220  3.686   4.23  4.594  3.373      0      0      0      0     0     0     0     0
0    240  3.556  3.923  4.715  3.571      0      0      0      0     0     0     0     0
0    260   3.37  4.588  5.096  3.315      0      0      0      0     0     0     0     0
0    280  3.445  3.968  5.094   3.49      0      0      0      0     0     0     0     0
0    300  3.306  3.232  4.243  3.691      0      0      0      0     0     0     0     0
0    320  2.659  2.459  3.495  3.274      0  2.463      0      0     0     2     0     0
0    340  2.582  2.469  3.306  3.169      0  2.475      0      0     0     2     0     0
