0      0  2.849  2.913  3.636  2.316      0      0  2.319      0     0     0     0     2
0     20  2.884  3.929  4.444   2.37      0      0  2.376      0     0     0     0     2
0     40  2.917  4.052  3.534  2.267      0      0  2.273      0     0     0     0     2
0     60  3.361   3.53  3.078  2.745      0      0  2.749   3.08     0     0     2     2
0     80  2.279  3.135   3.13  2.405  2.294      0  2.412  3.134     2     0     2     2
0    100  2.017   2.87  3.342  2.258  2.022      0  2.262      0     2     0     0     2
0    120  2.264  2.917  3.915  2.622  2.352      0  2.632      0     3     0     0     2
0    140  2.093  3.016  4.254  3.102  2.239      0      0      0     4     0     0     0
0    160  2.131  3.343  3.681  3.162  2.131      0      0      0     2     0     0     0
0    180  2.201   2.51  3.362  3.791  2.211  2.516      0      0     2     2     0     0
0    200  2.684  2.716  3.239  3.772      0  2.729      0      0     0     2     0     0
0    220  2.158   3.39  3.482  3.542  2.168      0      0      0     2     0     0     0
0    240   2.17  3.842  3.835  3.191  2.176      0      0      0     2     0     0     0
0    260    2.1  3.325  4.247  2.748  2.105      0   2.75      0     2     0     0     2
0    280   2.09  2.504  3.974   2.57  2.096  2.504  2.578      0     2     2     0     2
0    300  2.345  2.273  3.519  2.767   2.36  2.273   2.77      0     2     2     0     2
0    320  2.738  2.304  3.582  2.356      0  2.309  2.361      0     0     2     0     2
0    340  2.533  2.468  3.646  2.081      0  2.468   2.09      0     0     2     0     2
