6      0  2.722  3.155  3.503  3.402      0      0      0      0     0     0     0     0
6     20  2.404  3.879  4.516  3.869  2.404      0      0      0     2     0     0     0
6     40  2.424  3.479  4.782  3.874  2.458      0      0      0     4     0     0     0
6     60  1.779  2.088  3.588  2.037  1.787   2.17  2.037      0     3     4     0     2
6     80  2.066  2.312  2.887  2.063  2.067   2.45  2.066  2.892     2     4     2     2
6    100  1.921  2.482  2.792  1.976  1.971  2.568  1.994  2.813     2     4     2     2
6    120  1.999  2.361  2.748  1.977  2.006  2.361  1.978  2.749     2     2     2     2
6    140  2.442  2.936  2.751  1.786  2.443      0  1.792  2.753     2     0     2     2
6    160  2.955  3.199  3.586  2.646      0      0  2.651      0     0     0     0     2
6    180  2.817   4.07  4.158  2.369      0      0  2.372      0     0     0     0     2
6    200  1.779  2.038   3.77  2.034  1.781  2.038  2.211      0     2     1     0     2
6    220  2.577  3.317  4.105  2.558      0      0  2.583      0     0     0     0     2
6    240  2.311   2.74  3.886  2.343  2.316  2.742  2.346      0     2     2     0     2
6    260  2.222  2.649  3.804  2.149  2.222  2.649  2.149      0     2     2     0     2
6    280  2.263  2.629  3.424  2.271  2.279  2.635  2.276      0     2     2     0     2
6    300  2.378  2.598  3.239  2.414  2.395  2.604  2.423      0     2     2     0     2
6    320  2.229  2.808  3.016  3.106  2.232  2.808      0  3.018     2     2     2     0
6    340   2.47  3.014  3.065  3.124   2.47      0      0  3.074     2     0     2     0
