0      0  2.485  2.552  3.674  2.762  2.485  2.579  2.762      0     1     2     0     1
0     20   2.82  4.384  4.659  3.573      0      0      0      0     0     0     0     0
0     40  2.466  3.627  4.497  3.001  2.469      0      0      0     2     0     0     0
0     60  2.832  2.884  4.164  2.945      0      0      0      0     0     0     0     0
0     80    2.8  2.498  3.904  3.209      0  2.634      0      0     0     4     0     0
0    100  2.268  2.727  3.955  3.557  2.271  2.729      0      0     2     2     0     0
0    120  2.028  2.289  3.661  3.494   2.15  2.298      0      0     4     2     0     0
0    140   2.27  2.823  4.049  3.873  2.274  2.826      0      0     2     2     0     0
0    160  2.136  2.975  4.273  3.523  2.276      0      0      0     6     0     0     0
0    180  2.044  2.682  4.333  3.187  2.185  2.698      0      0     4     2     0     0
0    200   2.46  2.451  3.973  2.454  2.465  2.459  2.459      0     2     2     0     2
0    220  2.582  2.561  3.651  2.348      0  2.576   2.36      0     0     2     0     2
0    240  2.159  3.066  3.916  2.754  2.206      0  2.755      0     4     0     0     2
0    260  1.883   3.15   3.89  2.681  1.896      0  2.735      0     2     0     0     2
0    280  2.292  2.302  3.769  2.714  2.302  2.308  2.719      0     4     2     0     2
0    300  2.419  2.144  3.544  3.146  2.433  2.145      0      0     2     2     0     0
0    320  2.359  2.086  3.413  3.064   2.36  2.088      0      0     2     2     0     0
0    340  2.442  2.242  3.597  3.222  2.448  2.257      0      0     2     2     0     0
