6      0  2.284  3.492  4.161  2.925  2.286      0      0      0     2     0     0     0
6     20  1.999  3.784  4.678  2.834  2.008      0      0      0     2     0     0     0
6     40  2.317  3.178   4.05  2.841  2.321      0      0      0     2     0     0     0
6     60  2.719  2.666  3.574  2.646      0  2.673  2.666      0     0     2     0     2
6     80  2.907  2.576  3.379  2.932      0  2.587      0      0     0     2     0     0
6    100  1.931  1.941  2.863  3.175  1.954  1.998      0   2.91     2     2     2     0
6    120  2.213   2.32  3.785  2.585    2.4   2.44  2.713      0     6     3     0     4
6    140  3.044  3.221  4.354  3.485      0      0      0      0     0     0     0     0
6    160  2.299  2.212  3.014   2.48  2.365   2.49  2.582  3.047     5     4     2     4
6    180  2.926  3.615  3.661  4.015      0      0      0      0     0     0     0     0
6    200  3.143   3.91  3.891  4.064      0      0      0      0     0     0     0     0
6    220   2.68  3.193  3.382  3.625      0      0      0      0     0     0     0     0
6    240  2.179  2.631  2.878  2.134  2.371  2.631  2.156  2.893     8     1     2     2
6    260  2.362  3.327  4.327  3.658  2.378      0      0      0     2     0     0     0
6    280  2.096  2.738   3.68   3.51  2.301  2.778      0      0     4     3     0     0
6    300   2.35  2.772  4.081  3.632  2.386  2.787      0      0     2     4     0     0
6    320  2.529  2.679  4.291  3.132      0  2.721      0      0     0     2     0     0
6    340  2.419  2.873  4.252  2.762  2.435      0  2.772      0     2     0     0     2
