6      0  3.713  4.489  5.014  4.053      0      0      0      0     0     0     0     0
6     20  3.484  5.417  5.803  4.007      0      0      0      0     0     0     0     0
6     40  3.716   5.01  5.372  3.863      0      0      0      0     0     0     0     0
6     60  3.442  4.031  4.121  3.402      0      0      0      0     0     0     0     0
6     80  4.069  3.862  3.879  4.193      0      0      0      0     0     0     0     0
6    100  3.523  3.938  3.805  3.857      0      0      0      0     0     0     0     0
6    120   3.24  3.758  4.482   2.89      0      0      0      0     0     0     0     0
6    140  3.368  4.347  4.291  3.283      0      0      0      0     0     0     0     0
6    160  3.653  4.153  4.408  3.497      0      0      0      0     0     0     0     0
6    180  3.858  4.315  5.137  4.409      0      0      0      0     0     0     0     0
6    200  4.268   4.36  5.299  5.219      0      0      0      0     0     0     0     0
6    220  4.116  4.255  5.067  5.011      0      0      0      0     0     0     0     0
6    240  4.016  4.566  5.146  4.815      0      0      0      0     0     0     0     0
6    260  3.742  4.662  5.195  4.434      0      0      0      0     0     0     0     0
6    280  3.869   4.49  4.707  4.643      0      0      0      0     0     0     0     0
6    300  3.861  3.679  4.221  4.638      0      0      0      0     0     0     0     0
6    320  3.311  3.292  4.258  4.024      0      0      0      0     0     0     0     0
6    340   2.97  3.725  4.303  3.434      0      0      0      0     0     0     0     0
