0      0  2.848  3.541  3.795  2.776      0      0  2.778      0     0     0     0     2
0     20   2.74  4.583  4.495   3.32      0      0      0      0     0     0     0     0
0     40  3.311  4.501  4.825  4.589      0      0      0      0     0     0     0     0
0     60  3.454  4.019  4.724  4.558      0      0      0      0     0     0     0     0
0     80  3.496   3.62  4.699  4.523      0      0      0      0     0     0     0     0
0    100   3.54  4.026  4.855  4.221      0      0      0      0     0     0     0     0
0    120  3.357  3.883  4.215  3.839      0      0      0      0     0     0     0     0
0    140  3.597  4.145   4.43  4.364      0      0      0      0     0     0     0     0
0    160  3.831  4.303  4.668  4.471      0      0      0      0     0     0     0     0
0    180   3.32  4.089  4.908  3.898      0      0      0      0     0     0     0     0
0    200   3.85  4.499  5.604  4.242      0      0      0      0     0     0     0     0
0    220  3.439  3.829  5.319  4.179      0      0      0      0     0     0     0     0
0    240  3.658  3.681  5.105  4.221      0      0      0      0     0     0     0     0
0    260  3.564  4.269  5.269  3.784      0      0      0      0     0     0     0     0
0    280  3.729  4.618  5.151  3.844      0      0      0      0     0     0     0     0
0    300  3.955  3.708  4.212  3.539      0      0      0      0     0     0     0     0
0    320  2.722  2.528  3.111  2.317      0  2.559  2.365  3.129     0     2     2     2
0    340  2.146  2.384  2.883  2.684  2.177  2.433  2.715  2.935     2     2     2     3
