0      0  3.025  3.429  3.869  2.379      0      0      0  2.381     0     0     0     2
0     20  2.648  4.317  3.803   2.19      0      0      0    2.2     0     0     0     2
0     40   2.64  3.364  3.096  2.667      0      0  3.097  2.701     0     0     2     2
0     60  1.772  2.058  2.799  2.034  2.009  2.101  2.825  2.034     3     4     2     2
0     80  1.771  2.096  3.178  2.034  1.916  2.557      0  2.145     3     4     0     2
0    100  2.245  2.982  3.746  2.456  2.251      0      0  2.464     2     0     0     2
0    120  1.985  2.952  4.199  2.852  1.997      0      0      0     2     0     0     0
0    140  2.051  3.509   3.59  2.616  2.061      0      0  2.617     2     0     0     2
0    160  2.222  2.949  3.349   3.55  2.242      0      0      0     2     0     0     0
0    180  2.437  2.645  3.325  3.666  2.462  2.712      0      0     2     4     0     0
0    200  2.579  2.386  3.459  3.568      0  2.413      0      0     0     2     0     0
0    220  1.774  2.031  3.721  2.028  1.949  2.306      0  2.028     6     4     0     2
0    240  2.193  3.412  4.121  2.877  2.282      0      0      0     6     0     0     0
0    260   2.24  2.633  3.848  2.406  2.307  2.641      0  2.415     4     2     0     2
0    280  2.466  2.368  3.515  2.744  2.471  2.385      0   2.75     2     2     0     2
0    300  2.895   2.43  3.548  2.451      0  2.628      0  2.459     0     4     0     2
0    320  2.752  2.637  3.678  2.166      0  2.637      0  2.169     0     2     0     2
0    340  2.646  3.068  3.633  2.144      0      0      0  2.145     0     0     0     2
