6      0  2.552  4.006  4.191  4.169      0      0      0      0     0     0     0     0
6     20  2.117  3.794  4.607  3.476  2.144      0      0      0     2     0     0     0
6     40  1.781  2.087  4.339  2.035   2.03  2.298      0  2.035     5     4     0     2
6     60  1.779 0.9859  2.817  1.947  2.037  2.112  2.959  2.011     5     7     4     2
6     80  1.778  2.096  2.746  1.898  1.957  2.335   2.75  1.904     4     3     2     2
6    100  2.349   2.39  2.716   1.92   2.35   2.39  2.718  1.923     2     2     2     2
6    120  2.462  3.015  2.705  1.735  2.466      0  2.707  1.735     3     0     2     2
6    140  3.103  3.215  3.515  2.662      0      0      0  2.662     0     0     0     2
6    160  2.517  3.128  3.919  2.342      0      0      0  2.356     0     0     0     2
6    180  1.779  2.038  3.442  2.035  1.991  2.553      0   2.46     3     4     0     3
6    200  1.777  2.035   3.27  2.034   1.78  2.365      0  2.034     4     5     0     2
6    220  1.778  2.034  3.451  2.033   1.78  2.334      0  2.034     4     4     0     2
6    240  2.297  2.907  3.872  2.142  2.299      0      0  2.145     2     0     0     2
6    260  2.402  2.858  3.462  2.181  2.406      0      0  2.181     2     0     0     2
6    280  2.539  2.937  3.381   2.39      0      0      0  2.401     0     0     0     2
6    300  2.356  2.653  3.078  3.346  2.368  2.656  3.079      0     2     2     2     0
6    320  2.547  3.119  2.991  3.047      0      0  2.995      0     0     0     2     0
6    340  2.115  2.862  2.711   1.73  2.214      0  2.714  1.734     4     0     2     2
