0      0  2.216  2.034  2.926  2.616   2.32  2.242  2.677  2.946     3     4     2     4
0     20   2.36  3.677  4.525  3.084  2.364      0      0      0     2     0     0     0
0     40  2.221  3.619  4.927  3.363  2.243      0      0      0     2     0     0     0
0     60  2.657  2.267  3.868  3.727      0   2.27      0      0     0     2     0     0
0     80   3.07  2.059  3.771  3.682      0   2.06      0      0     0     2     0     0
0    100  2.436  2.229  3.082  2.438  2.439  2.229  2.451  3.096     2     2     2     2
0    120  2.205  2.437  2.732  2.155   2.25  2.543  2.164  2.739     4     4     2     2
0    140  2.651  2.597  2.907  2.469      0  2.599  2.475  2.926     0     2     2     2
0    160   3.18   3.38  3.672  2.656      0      0  2.661      0     0     0     0     2
0    180  2.728  2.348  3.715  2.341      0  2.369  2.346      0     0     2     0     2
0    200  2.713   2.25  3.572  2.514      0  2.265  2.518      0     0     2     0     2
0    220   2.62  2.332  3.524  2.799      0  2.387  2.799      0     0     2     0     1
0    240  2.551  2.642  3.944  2.545      0  2.685   2.55      0     0     2     0     2
0    260  2.167  3.219  3.964  2.265  2.174      0  2.278      0     2     0     0     2
0    280  2.325  3.201  3.345  2.475  2.332      0  2.481      0     2     0     0     2
0    300  2.198  1.767  2.717  2.351  2.206  2.106  2.441  2.718     2     3     2     3
0    320   2.12   1.75  2.707  2.014  2.125  2.155  2.301  2.769     2     4     3     3
0    340  2.236  1.831  2.779 0.9872  2.353   2.11  1.951  2.856     4     4     3     3
