6      0  2.396  3.057  3.569   2.68  2.418      0   2.71      0     2     0     0     2
6     20  2.351  3.987  4.384  2.453  2.376      0  2.485      0     2     0     0     2
6     40  2.499  3.439  3.827  2.592  2.499      0  2.624      0     1     0     0     2
6     60  2.619  2.108  2.861  2.883      0  2.134      0  2.875     0     2     2     0
6     80  2.566  1.816  2.749  2.663      0   1.83  2.675  2.855     0     2     3     2
6    100  2.394  1.855  2.754   2.31  2.398   1.86  2.541  2.866     2     2     3     4
6    120  2.302  3.215  3.508  2.223  2.349      0  2.257      0     4     0     0     2
6    140  2.357  3.038  3.769  2.955  2.415      0      0      0     2     0     0     0
6    160  2.141  3.457  3.921  3.229  2.142      0      0      0     2     0     0     0
6    180  2.093  2.983  3.588  3.574  2.116      0      0      0     2     0     0     0
6    200  2.084  2.927   3.78  3.886  2.103      0      0      0     2     0     0     0
6    220  2.359    2.6  3.476  3.665  2.361  2.616      0      0     2     2     0     0
6    240  1.797  2.816  3.699  3.229  1.807  2.816      0      0     2     1     0     0
6    260  2.107  3.776  3.755  3.486  2.125      0      0      0     2     0     0     0
6    280  2.129  3.519  3.322  3.275  2.184      0      0      0     2     0     0     0
6    300   1.94  2.177  2.751  1.768  2.132  2.189  1.773  2.757     4     2     2     2
6    320  2.487  2.517  3.091  2.727  2.487  2.533  2.731  3.102     1     2     2     2
6    340  2.118  2.631  3.288  2.696  2.129  2.642  2.725      0     2     2     0     2
