0      0  2.281   3.54  4.041  2.812  2.373      0  2.819      0     4     0     0     2
0     20  2.407  3.385  4.203  2.583  2.441      0  2.587      0     4     0     0     2
0     40  2.825   2.94  3.726  2.643      0      0  2.649      0     0     0     0     2
0     60  3.613  2.793  3.128   3.03      0  2.797      0  3.131     0     2     2     0
0     80  2.862  2.939  2.996  3.757      0      0      0   3.01     0     0     2     0
0    100  2.384  3.608  3.322  2.894  2.386      0      0      0     2     0     0     0
0    120  2.475  2.939  3.943  2.717  2.476      0  2.725      0     2     0     0     2
0    140  2.495   2.49  4.271  3.618  2.495  2.503      0      0     1     2     0     0
0    160   2.77  2.405  4.002  4.046      0  2.421      0      0     0     2     0     0
0    180  3.056  2.499  3.683  4.018      0  2.577      0      0     0     2     0     0
0    200  4.171  3.659  4.071  4.545      0      0      0      0     0     0     0     0
0    220  3.961    4.1  3.967  4.254      0      0      0      0     0     0     0     0
0    240  3.563  3.645  4.243  3.669      0      0      0      0     0     0     0     0
0    260  2.905  3.177  4.208  3.663      0      0      0      0     0     0     0     0
0    280  3.035  3.084  4.369  3.827      0      0      0      0     0     0     0     0
0    300  2.299  2.718  4.186  3.905  2.317  2.727      0      0     2     2     0     0
0    320  2.089  2.663  4.052  3.757  2.103  2.686      0      0     2     2     0     0
0    340  2.329  3.345  3.832  2.519   2.35      0  2.535      0     2     0     0     2
