6      0  2.179  3.872  4.389  3.874  2.192      0      0      0     2     0     0     0
6     20  2.416  3.945   4.96  3.425  2.436      0      0      0     2     0     0     0
6     40  3.253  3.711  4.946  3.562      0      0      0      0     0     0     0     0
6     60  2.673  3.276  3.272  2.234      0      0  2.234      0     0     0     0     1
6     80  2.867  3.623  4.244  4.119      0      0      0      0     0     0     0     0
6    100  2.243  2.718  4.025  3.192  2.245  2.721      0      0     2     2     0     0
6    120  2.188  2.625  4.012  3.339  2.238  2.636      0      0     4     2     0     0
6    140  2.339  3.009  4.518  3.037  2.344      0      0      0     4     0     0     0
6    160  2.162  2.704  4.133  3.187  2.167   2.71      0      0     2     2     0     0
6    180  2.464  2.842  3.793  2.913   2.48      0      0      0     2     0     0     0
6    200  3.017  3.103  3.726  2.875      0      0      0      0     0     0     0     0
6    220  2.923  3.657  3.698  3.186      0      0      0      0     0     0     0     0
6    240  2.625  4.319   4.16  2.714      0      0  2.735      0     0     0     0     2
6    260  2.377  2.988   4.55  2.895  2.422      0      0      0     2     0     0     0
6    280  2.722  2.523  4.119  3.022      0  2.534      0      0     0     2     0     0
6    300  2.544  2.326  3.786  3.004      0  2.331      0      0     0     2     0     0
6    320  2.048  2.339   3.29  3.537  2.048  2.339      0      0     1     2     0     0
6    340  2.313  2.697  3.352  3.549  2.313   2.72      0      0     1     2     0     0
