0      0  2.149  3.221  4.726  3.514   2.15      0      0      0     2     0     0     0
0     20  2.241  3.974  5.421  4.187   2.33      0      0      0     3     0     0     0
0     40  2.538  2.569  3.973  2.878      0  2.588      0      0     0     2     0     0
0     60  2.789  2.374  3.815  3.201      0  2.379      0      0     0     2     0     0
0     80  2.661   2.49  3.132  3.871      0  2.511      0  3.132     0     2     1     0
0    100  2.293  2.663   3.47  4.111  2.309  2.683      0      0     4     2     0     0
0    120  2.087  2.878  4.208  3.138  2.127      0      0      0     2     0     0     0
0    140  2.448  2.904  4.348  3.329  2.456      0      0      0     2     0     0     0
0    160  2.628  2.515  4.327  3.907      0  2.518      0      0     0     2     0     0
0    180  2.757  2.328  4.244  4.011      0  2.336      0      0     0     2     0     0
0    200  3.203   2.62  4.164  4.674      0  2.659      0      0     0     2     0     0
0    220  2.824  2.655  3.523  3.871      0  2.659      0      0     0     2     0     0
0    240  2.401  2.822  3.812  3.504  2.403  2.824      0      0     2     2     0     0
0    260  2.594  2.721  4.402  3.855      0  2.736      0      0     0     2     0     0
0    280   2.51  2.853  4.563  4.315      0      0      0      0     0     0     0     0
0    300  2.524  2.694  4.126  4.133      0  2.698      0      0     0     2     0     0
0    320  2.366  2.712  4.214  3.963  2.413  2.717      0      0     4     2     0     0
0    340  2.043      3  4.929  3.925   2.19      0      0      0     3     0     0     0
