6      0  2.394  3.059  4.366  3.806  2.432      0      0      0     2     0     0     0
6     20  2.035  3.917  5.268  3.965  2.051      0      0      0     2     0     0     0
6     40  2.123  3.075  4.957  3.318  2.133      0      0      0     2     0     0     0
6     60  2.665  2.349  4.007   3.15      0  2.349      0      0     0     1     0     0
6     80  2.245  2.452  3.916  3.651  2.365  2.452      0      0     4     1     0     0
6    100   1.96  2.805  4.249  3.973   2.02  2.806      0      0     4     2     0     0
6    120  1.969  2.594   4.21    3.8  2.223  2.609      0      0     6     2     0     0
6    140  2.273  2.859  4.795  3.894  2.315      0      0      0     4     0     0     0
6    160  2.333  2.988   4.72  3.844  2.379      0      0      0     4     0     0     0
6    180  2.106  2.633   4.46  3.704  2.113  2.643      0      0     2     2     0     0
6    200  2.471  2.384  3.653  2.883  2.471  2.419      0      0     1     2     0     0
6    220  2.298   2.58  3.457  2.887  2.362  2.591      0      0     3     2     0     0
6    240  2.207  3.634   3.83  2.791  2.323      0  2.791      0     4     0     0     1
6    260  2.192  3.672  4.678  3.191  2.333      0      0      0     4     0     0     0
6    280  2.263  2.769  4.672  3.644  2.299  2.792      0      0     4     2     0     0
6    300   2.29  2.306   4.09  3.517   2.38  2.325      0      0     4     2     0     0
6    320  2.427  2.152  3.842  3.513  2.427  2.163      0      0     1     2     0     0
6    340  2.293  2.396  4.068  4.037  2.293  2.411      0      0     1     2     0     0
